"Date","Facebook","Pinterest","Twitter","Instagram","YouTube","reddit","Tumblr","VKontakte","LinkedIn","Google+","news.ycombinator.com","Fark","Other"
2019-02,68.95,15.15,7.41,1.56,3.76,1.71,0.66,0.22,0.25,0.26,0.03,0.02,0.02
2019-03,67.46,16.96,7.26,2.21,3.92,0.83,0.61,0.3,0.16,0.24,0.01,0.02,0.01
2019-04,68.36,16.26,6.72,2.21,4.59,0.62,0.62,0.34,0.18,0.02,0.03,0.02,0.03
2019-05,70.42,13.01,6.25,1.81,4.33,3.08,0.57,0.31,0.17,0,0.01,0.02,0.01
2019-06,73.91,13.16,6.18,1.43,3.81,0.23,0.57,0.5,0.15,0.01,0.01,0.02,0.02
2019-07,72.16,14.46,6.06,1.75,3.86,0.25,0.6,0.66,0.16,0,0.01,0.01,0.02
2019-08,71.75,15.5,6.07,1.58,3.65,0.3,0.6,0.36,0.15,0,0.01,0.02,0.01
2019-09,72.94,13.18,6.56,2.42,3.67,0.23,0.5,0.28,0.18,0.01,0.02,0.01,0.01
2019-10,67.73,11.08,10.57,5.74,3.71,0.27,0.45,0.24,0.16,0.01,0.02,0.01,0.01
2019-11,66.01,11.63,11.49,6.5,3.28,0.25,0.41,0.22,0.14,0.03,0.01,0.01,0.01
2019-12,64.22,10.97,12.96,7.05,3.79,0.27,0.37,0.2,0.1,0.03,0.01,0.01,0.01
2020-01,61.3,11.45,14.51,8.4,3.33,0.29,0.39,0.15,0.12,0.02,0.01,0.01,0.01
2020-02,62.11,10.7,14.44,8.9,2.91,0.27,0.37,0.15,0.12,0,0.01,0.01,0.01
